Inspire before you expire... TIE- Notes and Resources BCS301

Critical values of F for the 0.05 significance level:
1 2 3 4 5 6 7 8 9 10

1 161.45 199.50 215.71 224.58 230.16 233.99 236.77 238.88 240.54 241.88

2} 1851 19.00 1916 1925 19.30 1933 19.35 1937 19.39 19.40

3 10.13 9.55 9.28 9.12 9.01 8.94 8.89 8.85 8.81 8.79

4 7.71 6.94 6.59 6.39 6.26 6.16 6.09 6.04 6.00 5.96

5 6.61 5.79 5.41 5.19 5.05 4.95 4.88 4.82 477 4.74

6 5.99 5.14 476 4.53 4.39 4.28 4.21 4.15 4.10 4.06

7| 559 474 435 412 397 387 379 373 368 3.64

8| 532 446 407 384 369 358 350 344 339 3.35

9} 512 426 386 363 348 337 329 323 318 3.14
wo) 497 410 3.71 348 333 322 314 307 302 298
1" 484 398 359 336 320 310 3.01 295 290 285
12| 475 389 349 326 3.11 3.00 2.91 285 280 275
13| 467 3.81 3.41 318 303 292 283 277 271 2.67
144) 460 374 334 © 3.11 296 285 276 270 265 260
15| 454 368 329 306 290 279 271 264 259 254
16 4.49 3.63 3.24 3.01 2.85 2.74 2.66 2.59 2.54 2.49
17 4.45 3.59 3.20 2.97 2.81 2.70 2.61 2.55 2.49 2.45
18 441 3.56 3.16 2.93 2.77 2.66 2.58 251 2.46 2.41
19 4.38 3.52 3.13 2.90 2.74 2.63 2.54 2.48 2.42 2.38
20 4.35 3.49 3.10 2.87 271 2.60 2.51 2.45 2.39 2.35
21 4.33 3.47 3.07 2.84 2.69 2.57 2.49 2.42 2.37 2.32
22 4.30 3.44 3.05 2.82 2.66 2.55 2.46 2.40 2.34 2.30
23) 428 342 303 280 264 253 244 238 232 228
24) 426 340 301 278 262 251 242 236 230 226
25/ 424 339 299 276 260 249 241 234 228 224
26{ 423 337 298 274 259 247 239 232 227 222
a7| 4.21 335 296 273 257 246 237 2.31 225 2.20
28/ 420 334 295 271 256 245 236 229 224 219
29/ 418 333 293 270 255 243 235 228 222 2.18
30] 417 332 292 269 253 242 233 227 221 2.17
nu 4.16 3.31 2.91 2.68 2.52 2.41 2.32 2.26 2.20 2.15
32 4.15 3.30 2.90 2.67 2.51 2.40 2.31 2.24 2.19 2.14
33 4.14 3.29 2.89 2.66 2.50 2.39 2.30 2.24 2.18 2.13
34 4.13 3.28 2.88 2.65 2.49 2.38 2.29 2.23 217 2.12
35| 412 327 287 264 249 237 229 222 216 211

PROBLEMS:
1. Three processes A, B and C are tested to see whether their outputs are equivalent. The

following observations of outputs are made:

A | 10 | 12) 13 11 | 10 | 14) 15 | 13

B |9 11 | 10 12 |13 |- |- -

C }i1l | 10 | 15 14 | 12 | 13}- -
Carry out the analysis of variance and state your conclusion.

Sol. To carry out the analysis of variance, we form the following tables

Total | Squares

A |10 {12 | 13 11 {10 | 14] 15 | 13 T1=98 | T?1-9604

B |9 11 | 10 12 | 13 T2=55 | T*2-3025
Cc 11 | 10 | 45 14 | 12 | 13 T3=75 | T?3-5625
Total T 228 -

Prepared by: PURUSHOTHAM P, SJC INSTITUTE OF TECHNOLOGY and TAKEITEASY ENGINEERS, Page |4